# relative_time, cycles_done, cur_item, corpus_count, pending_total, pending_favs, map_size, saved_crashes, saved_hangs, max_depth, execs_per_sec, total_execs, edges_found
61, 0, 0, 50, 45, 10, 0.02%, 0, 0, 2, 113.67, 6889, 1553
66, 0, 0, 52, 47, 10, 0.02%, 0, 0, 2, 114.40, 7465, 1561
71, 0, 0, 55, 50, 10, 0.02%, 0, 0, 2, 113.89, 8039, 1580
76, 0, 0, 56, 51, 10, 0.02%, 0, 0, 2, 115.91, 8621, 1580
81, 0, 0, 57, 52, 10, 0.02%, 0, 0, 2, 116.34, 9201, 1581
86, 0, 0, 58, 53, 10, 0.02%, 0, 0, 2, 117.52, 9789, 1589
91, 0, 0, 62, 57, 10, 0.02%, 0, 0, 2, 108.56, 10340, 1601
96, 0, 0, 62, 57, 10, 0.02%, 0, 0, 2, 111.71, 10905, 1601
101, 0, 0, 64, 59, 10, 0.02%, 0, 0, 2, 113.07, 11481, 1602
106, 0, 0, 69, 64, 10, 0.02%, 0, 0, 2, 112.25, 12045, 1613
111, 0, 0, 70, 65, 10, 0.02%, 0, 0, 2, 115.41, 12645, 1613
116, 0, 0, 71, 66, 10, 0.02%, 0, 0, 2, 117.68, 13261, 1618
122, 0, 0, 71, 66, 10, 0.02%, 0, 0, 2, 115.40, 13859, 1618
127, 0, 0, 72, 67, 10, 0.02%, 0, 0, 2, 115.53, 14457, 1619
132, 0, 0, 72, 67, 10, 0.02%, 0, 0, 2, 115.60, 15065, 1619
137, 0, 0, 74, 69, 10, 0.02%, 0, 0, 2, 113.25, 15629, 1628
142, 0, 0, 76, 71, 10, 0.02%, 0, 0, 2, 115.38, 16219, 1631
147, 0, 0, 78, 73, 10, 0.02%, 0, 0, 2, 113.92, 16799, 1633
152, 0, 0, 78, 73, 10, 0.02%, 0, 0, 2, 116.53, 17385, 1633
157, 0, 0, 79, 74, 10, 0.02%, 0, 0, 2, 117.12, 17983, 1633
162, 0, 0, 80, 75, 10, 0.02%, 0, 0, 2, 116.39, 18570, 1657
168, 0, 0, 81, 76, 10, 0.02%, 0, 0, 2, 116.81, 19172, 1659
173, 0, 0, 84, 79, 10, 0.02%, 0, 0, 2, 115.35, 19750, 1662
178, 0, 0, 84, 79, 10, 0.02%, 0, 0, 2, 117.24, 20364, 1662
183, 0, 0, 86, 81, 10, 0.02%, 0, 0, 2, 114.64, 20958, 1663
188, 0, 0, 86, 81, 10, 0.02%, 0, 0, 2, 119.00, 21584, 1663
193, 0, 0, 87, 82, 10, 0.02%, 0, 0, 2, 116.40, 22180, 1665
199, 0, 0, 89, 84, 10, 0.02%, 0, 0, 2, 116.11, 22774, 1673
204, 0, 0, 89, 84, 10, 0.02%, 0, 0, 2, 116.95, 23380, 1673
209, 0, 0, 89, 84, 10, 0.02%, 0, 0, 2, 118.64, 23994, 1673
214, 0, 0, 90, 85, 10, 0.02%, 0, 0, 2, 115.84, 24578, 1673
219, 0, 0, 93, 88, 10, 0.02%, 0, 0, 2, 114.45, 25168, 1677
224, 0, 0, 93, 88, 10, 0.02%, 0, 0, 2, 117.98, 25780, 1677
229, 0, 0, 93, 88, 10, 0.02%, 0, 0, 2, 117.08, 26382, 1677
235, 0, 0, 94, 89, 10, 0.02%, 0, 0, 2, 121.26, 26996, 1680
240, 0, 78, 94, 88, 57, 0.02%, 0, 0, 2, 114.62, 27572, 1680
245, 0, 78, 94, 88, 57, 0.02%, 0, 0, 2, 115.94, 28164, 1680
250, 0, 78, 95, 89, 57, 0.02%, 0, 0, 3, 115.34, 28758, 1680
255, 0, 72, 96, 89, 58, 0.02%, 0, 0, 3, 117.52, 29360, 1682
260, 0, 72, 96, 89, 58, 0.02%, 0, 0, 3, 119.43, 29990, 1682
265, 0, 72, 97, 90, 58, 0.02%, 0, 0, 3, 114.02, 30554, 1682
270, 0, 72, 97, 90, 58, 0.02%, 0, 0, 3, 120.55, 31184, 1682
276, 0, 52, 97, 89, 57, 0.02%, 0, 0, 3, 122.74, 31828, 1682
281, 0, 52, 97, 89, 57, 0.02%, 0, 0, 3, 117.83, 32436, 1682
286, 0, 52, 97, 89, 57, 0.02%, 0, 0, 3, 119.01, 33045, 1682
291, 0, 70, 97, 88, 55, 0.02%, 0, 0, 3, 119.33, 33659, 1682
296, 0, 70, 97, 88, 55, 0.02%, 0, 0, 3, 119.65, 34279, 1682
301, 0, 70, 97, 88, 55, 0.02%, 0, 0, 3, 112.78, 34840, 1682
306, 0, 70, 97, 88, 55, 0.02%, 0, 0, 3, 122.97, 35487, 1682
312, 0, 21, 97, 87, 54, 0.02%, 0, 0, 3, 124.62, 36127, 1682
317, 0, 21, 98, 88, 54, 0.02%, 0, 0, 3, 121.54, 36741, 1682
322, 0, 93, 98, 87, 53, 0.02%, 0, 0, 3, 121.39, 37352, 1682
327, 0, 93, 98, 87, 53, 0.02%, 0, 0, 3, 122.23, 37988, 1682
332, 0, 93, 98, 87, 53, 0.02%, 0, 0, 3, 126.51, 38640, 1682
337, 0, 81, 98, 86, 52, 0.02%, 0, 0, 3, 123.51, 39276, 1682
342, 0, 81, 98, 86, 52, 0.02%, 0, 0, 3, 121.92, 39902, 1682
348, 0, 81, 100, 88, 52, 0.02%, 0, 0, 3, 123.19, 40537, 1683
353, 0, 81, 100, 88, 52, 0.02%, 0, 0, 3, 127.53, 41199, 1683
358, 0, 86, 100, 87, 50, 0.02%, 0, 0, 3, 125.64, 41847, 1683
363, 0, 86, 100, 87, 50, 0.02%, 0, 0, 3, 118.67, 42449, 1683
368, 0, 86, 101, 88, 50, 0.02%, 0, 0, 3, 118.45, 43057, 1683
373, 0, 86, 101, 88, 50, 0.02%, 0, 0, 3, 126.14, 43714, 1683
379, 0, 90, 101, 87, 50, 0.02%, 0, 0, 3, 124.01, 44361, 1683
384, 0, 90, 101, 87, 50, 0.02%, 0, 0, 3, 118.34, 44957, 1683
389, 0, 90, 101, 87, 50, 0.02%, 0, 0, 3, 118.26, 45551, 1683
394, 0, 90, 102, 88, 50, 0.02%, 0, 0, 3, 120.69, 46170, 1683
399, 0, 82, 102, 87, 49, 0.02%, 0, 0, 3, 122.98, 46809, 1683
404, 0, 82, 102, 87, 49, 0.02%, 0, 0, 3, 119.43, 47405, 1683
409, 0, 82, 103, 88, 49, 0.02%, 0, 0, 3, 125.19, 48034, 1683
414, 0, 75, 103, 87, 48, 0.02%, 0, 0, 3, 124.28, 48675, 1683
419, 0, 75, 103, 87, 48, 0.02%, 0, 0, 3, 121.29, 49303, 1683
425, 0, 75, 103, 87, 48, 0.02%, 0, 0, 3, 126.24, 49953, 1683
430, 0, 32, 103, 86, 47, 0.02%, 0, 0, 3, 124.95, 50532, 1683
435, 0, 32, 103, 86, 47, 0.02%, 0, 0, 3, 122.74, 51178, 1683
440, 0, 32, 104, 87, 47, 0.02%, 0, 0, 3, 119.11, 51770, 1683
445, 0, 32, 104, 87, 47, 0.02%, 0, 0, 3, 122.89, 52408, 1683
450, 0, 20, 104, 86, 47, 0.02%, 0, 0, 3, 123.72, 53064, 1683
455, 0, 20, 104, 86, 47, 0.02%, 0, 0, 3, 125.73, 53690, 1683
460, 0, 20, 104, 86, 47, 0.02%, 0, 0, 3, 128.29, 54353, 1683
466, 0, 46, 104, 85, 46, 0.02%, 0, 0, 3, 120.80, 54969, 1683
471, 0, 46, 104, 85, 46, 0.02%, 0, 0, 3, 122.76, 55585, 1683
476, 0, 46, 104, 85, 46, 0.02%, 0, 0, 3, 127.08, 56247, 1683
481, 0, 71, 104, 84, 45, 0.02%, 0, 0, 3, 124.05, 56887, 1683
486, 0, 71, 104, 84, 45, 0.02%, 0, 0, 3, 121.08, 57509, 1683
491, 0, 71, 106, 86, 45, 0.02%, 0, 0, 3, 123.73, 58141, 1702
497, 0, 104, 108, 87, 46, 0.02%, 0, 0, 4, 124.47, 58802, 1707
502, 0, 107, 108, 86, 47, 0.02%, 0, 0, 4, 131.95, 59498, 1707
507, 0, 80, 108, 85, 46, 0.02%, 0, 0, 4, 129.78, 60176, 1707
512, 0, 80, 108, 85, 46, 0.02%, 0, 0, 4, 126.68, 60829, 1707
517, 0, 80, 112, 89, 46, 0.02%, 0, 0, 4, 110.13, 61381, 1708
522, 0, 80, 117, 94, 46, 0.02%, 0, 0, 4, 103.13, 61879, 1708
527, 0, 80, 117, 94, 46, 0.02%, 0, 0, 4, 111.78, 62451, 1708
532, 0, 80, 117, 94, 46, 0.02%, 0, 0, 4, 107.85, 62990, 1708
537, 0, 80, 117, 94, 46, 0.02%, 0, 0, 4, 113.52, 63566, 1708
542, 0, 80, 117, 94, 46, 0.02%, 0, 0, 4, 112.19, 64126, 1708
547, 0, 80, 117, 94, 46, 0.02%, 0, 0, 4, 110.62, 64684, 1708
552, 0, 80, 117, 94, 46, 0.02%, 0, 0, 4, 109.28, 65234, 1708
557, 0, 63, 117, 93, 45, 0.02%, 0, 0, 4, 121.06, 65856, 1708
563, 0, 63, 117, 93, 45, 0.02%, 0, 0, 4, 121.62, 66498, 1708
568, 0, 63, 117, 93, 45, 0.02%, 0, 0, 4, 122.91, 67128, 1708
573, 0, 63, 117, 93, 45, 0.02%, 0, 0, 4, 128.81, 67800, 1708
578, 0, 84, 117, 92, 44, 0.02%, 0, 0, 4, 126.89, 68458, 1708
583, 0, 84, 117, 92, 44, 0.02%, 0, 0, 4, 119.75, 69072, 1708
589, 0, 84, 118, 93, 44, 0.02%, 0, 0, 4, 122.62, 69712, 1708
594, 0, 84, 118, 93, 44, 0.02%, 0, 0, 4, 127.14, 70352, 1708
599, 0, 31, 118, 92, 44, 0.02%, 0, 0, 4, 124.73, 70996, 1708
604, 0, 31, 118, 92, 44, 0.02%, 0, 0, 4, 117.36, 71596, 1708
609, 0, 31, 118, 92, 44, 0.02%, 0, 0, 4, 122.23, 72232, 1708
614, 0, 76, 118, 91, 43, 0.02%, 0, 0, 4, 123.21, 72854, 1708
619, 0, 76, 118, 91, 43, 0.02%, 0, 0, 4, 114.57, 73445, 1708
625, 0, 76, 118, 91, 43, 0.02%, 0, 0, 4, 124.01, 74095, 1708
630, 0, 37, 118, 90, 42, 0.02%, 0, 0, 4, 120.72, 74717, 1708
635, 0, 37, 118, 90, 42, 0.02%, 0, 0, 4, 116.67, 75323, 1708
640, 0, 37, 118, 90, 42, 0.02%, 0, 0, 4, 112.34, 75875, 1708
645, 0, 29, 119, 90, 41, 0.02%, 0, 0, 4, 116.67, 76465, 1708
650, 0, 29, 119, 90, 41, 0.02%, 0, 0, 4, 120.46, 77089, 1708
656, 0, 29, 120, 91, 41, 0.02%, 0, 0, 4, 123.43, 77734, 1708
661, 0, 28, 120, 90, 40, 0.02%, 0, 0, 4, 123.92, 78350, 1708
666, 0, 28, 120, 90, 40, 0.02%, 0, 0, 4, 119.57, 78958, 1708
671, 0, 28, 120, 90, 40, 0.02%, 0, 0, 4, 124.20, 79599, 1708
676, 0, 53, 120, 89, 39, 0.02%, 0, 0, 4, 125.18, 80249, 1708
681, 0, 53, 120, 89, 39, 0.02%, 0, 0, 4, 119.50, 80863, 1708
686, 0, 53, 120, 89, 39, 0.02%, 0, 0, 4, 123.52, 81479, 1708
691, 0, 44, 120, 88, 38, 0.02%, 0, 0, 4, 122.49, 82129, 1708
697, 0, 44, 120, 88, 38, 0.02%, 0, 0, 4, 119.05, 82741, 1708
702, 0, 44, 120, 88, 38, 0.02%, 0, 0, 4, 120.92, 83358, 1708
707, 0, 56, 120, 87, 37, 0.02%, 0, 1, 4, 99.25, 83844, 1708
712, 0, 56, 120, 87, 37, 0.02%, 0, 1, 4, 117.01, 84477, 1708
717, 0, 56, 120, 87, 37, 0.02%, 0, 1, 4, 118.05, 85081, 1708
722, 0, 95, 120, 86, 36, 0.02%, 0, 1, 4, 126.18, 85744, 1708
727, 0, 61, 120, 85, 35, 0.02%, 0, 1, 4, 118.36, 86324, 1708
733, 0, 61, 120, 85, 35, 0.02%, 0, 1, 4, 118.76, 86938, 1708
738, 0, 61, 120, 85, 35, 0.02%, 0, 1, 4, 126.52, 87597, 1708
743, 0, 92, 120, 84, 34, 0.02%, 0, 1, 4, 127.60, 88260, 1708
748, 0, 92, 120, 84, 34, 0.02%, 0, 1, 4, 123.30, 88890, 1708
753, 0, 92, 121, 85, 34, 0.02%, 0, 1, 4, 122.32, 89508, 1713
758, 0, 92, 121, 85, 34, 0.02%, 0, 1, 4, 129.58, 90188, 1713
763, 0, 63, 121, 84, 33, 0.02%, 0, 1, 4, 127.17, 90816, 1713
768, 0, 63, 121, 84, 33, 0.02%, 0, 2, 4, 111.64, 91337, 1713
774, 0, 120, 121, 84, 33, 0.02%, 0, 2, 4, 124.41, 92003, 1713
779, 0, 120, 121, 84, 33, 0.02%, 0, 2, 4, 122.56, 92633, 1713
784, 0, 120, 121, 84, 33, 0.02%, 0, 2, 4, 129.62, 93307, 1713
789, 0, 106, 121, 83, 32, 0.02%, 0, 2, 4, 135.25, 94004, 1713
795, 0, 106, 137, 99, 32, 0.02%, 0, 3, 5, 17.30, 94521, 1727
801, 0, 106, 145, 107, 32, 0.02%, 0, 3, 5, 114.43, 95095, 1762
806, 0, 106, 157, 119, 32, 0.02%, 0, 4, 5, 96.09, 95537, 1776
811, 0, 106, 162, 124, 32, 0.02%, 1, 4, 5, 108.53, 96092, 1786
817, 0, 106, 169, 131, 32, 0.02%, 1, 5, 5, 109.86, 96527, 1802
822, 0, 106, 175, 137, 32, 0.02%, 1, 5, 5, 118.10, 97125, 1803
827, 0, 106, 179, 141, 32, 0.02%, 2, 5, 5, 117.52, 97699, 1806
832, 0, 106, 186, 148, 32, 0.02%, 2, 5, 5, 116.47, 98289, 1828
837, 0, 106, 188, 150, 32, 0.02%, 3, 5, 5, 126.49, 98868, 1828
842, 0, 77, 188, 149, 59, 0.02%, 3, 5, 5, 128.83, 99488, 1828
847, 0, 77, 188, 149, 59, 0.02%, 3, 5, 5, 122.46, 100116, 1828
852, 0, 77, 188, 149, 59, 0.02%, 3, 5, 5, 127.45, 100730, 1828
857, 0, 137, 188, 148, 58, 0.02%, 3, 5, 5, 130.82, 101414, 1828
862, 0, 137, 188, 148, 58, 0.02%, 3, 5, 5, 131.84, 102098, 1828
868, 0, 137, 188, 148, 58, 0.02%, 3, 5, 5, 131.76, 102779, 1828
873, 0, 137, 188, 148, 58, 0.02%, 3, 5, 5, 134.33, 103479, 1828
878, 0, 137, 189, 149, 58, 0.02%, 3, 5, 6, 133.24, 104131, 1828
883, 0, 122, 189, 148, 58, 0.02%, 3, 5, 6, 126.83, 104763, 1828
888, 0, 122, 189, 148, 58, 0.02%, 3, 5, 6, 123.81, 105395, 1828
893, 0, 122, 189, 148, 58, 0.02%, 3, 5, 6, 124.34, 106037, 1828
898, 0, 122, 192, 151, 58, 0.02%, 3, 5, 6, 126.81, 106686, 1831
903, 0, 122, 192, 151, 58, 0.02%, 3, 5, 6, 130.30, 107366, 1831
908, 0, 122, 194, 153, 58, 0.02%, 3, 5, 6, 130.60, 108022, 1835
914, 0, 122, 195, 154, 58, 0.02%, 3, 5, 6, 132.38, 108686, 1837
919, 0, 122, 196, 155, 58, 0.02%, 3, 5, 6, 129.10, 109352, 1838
924, 0, 122, 197, 156, 58, 0.02%, 3, 5, 6, 129.57, 110030, 1838
929, 0, 122, 197, 156, 58, 0.02%, 3, 5, 6, 131.75, 110712, 1838
934, 0, 122, 197, 156, 58, 0.02%, 3, 5, 6, 133.70, 111404, 1838
939, 0, 122, 197, 156, 58, 0.02%, 3, 5, 6, 131.41, 112084, 1838
945, 0, 122, 198, 157, 58, 0.02%, 3, 5, 6, 132.85, 112758, 1838
950, 0, 122, 200, 159, 58, 0.02%, 3, 5, 6, 129.24, 113416, 1842
955, 0, 122, 201, 160, 58, 0.02%, 3, 5, 6, 129.55, 114066, 1842
960, 0, 122, 201, 160, 58, 0.02%, 3, 5, 6, 132.81, 114762, 1842
965, 0, 122, 201, 160, 58, 0.02%, 3, 5, 6, 132.80, 115444, 1842
970, 0, 122, 201, 160, 58, 0.02%, 3, 5, 6, 134.82, 116140, 1842
975, 0, 122, 202, 161, 58, 0.02%, 3, 5, 6, 133.99, 116806, 1852
980, 0, 122, 203, 162, 58, 0.02%, 3, 5, 6, 131.56, 117450, 1855
985, 0, 122, 203, 162, 58, 0.02%, 3, 5, 6, 134.23, 118148, 1855
991, 0, 122, 203, 162, 58, 0.02%, 3, 5, 6, 133.54, 118838, 1855
996, 0, 122, 204, 163, 58, 0.02%, 3, 5, 6, 132.54, 119506, 1861
1001, 0, 122, 205, 164, 58, 0.02%, 3, 5, 6, 133.52, 120194, 1864
1006, 0, 122, 205, 164, 58, 0.02%, 3, 5, 6, 134.94, 120884, 1864
1011, 0, 122, 205, 164, 58, 0.02%, 3, 5, 6, 133.74, 121574, 1864
1016, 0, 122, 206, 165, 58, 0.02%, 3, 5, 6, 132.88, 122270, 1864
1021, 0, 122, 207, 166, 58, 0.02%, 3, 5, 6, 133.64, 122946, 1868
1027, 0, 122, 207, 166, 58, 0.02%, 3, 5, 6, 132.91, 123636, 1868
1032, 0, 122, 208, 167, 58, 0.02%, 3, 5, 6, 133.28, 124320, 1894
1037, 0, 122, 209, 168, 58, 0.02%, 3, 5, 6, 132.43, 125006, 1896
1042, 0, 122, 209, 168, 58, 0.02%, 3, 5, 6, 134.48, 125706, 1896
1047, 0, 122, 209, 168, 58, 0.02%, 3, 5, 6, 134.59, 126402, 1896
1052, 0, 122, 209, 168, 58, 0.02%, 3, 5, 6, 130.55, 127077, 1896
1058, 0, 122, 209, 168, 58, 0.02%, 3, 5, 6, 129.21, 127753, 1896
1063, 0, 122, 210, 169, 58, 0.02%, 3, 5, 6, 130.61, 128405, 1906
1068, 0, 122, 210, 169, 58, 0.02%, 3, 5, 6, 131.95, 129071, 1906
1073, 0, 122, 210, 169, 58, 0.02%, 3, 5, 6, 130.54, 129741, 1906
1078, 0, 122, 210, 169, 58, 0.02%, 3, 5, 6, 131.46, 130417, 1906
1083, 0, 122, 210, 169, 58, 0.02%, 3, 5, 6, 129.91, 131064, 1906
1088, 0, 122, 210, 169, 58, 0.02%, 3, 5, 6, 131.94, 131748, 1906
1093, 0, 122, 211, 170, 58, 0.02%, 3, 5, 6, 130.42, 132418, 1906
1098, 0, 122, 211, 170, 58, 0.02%, 3, 5, 6, 130.69, 133098, 1906
1104, 0, 122, 211, 170, 58, 0.02%, 3, 5, 6, 132.10, 133784, 1906
1109, 0, 122, 211, 170, 58, 0.02%, 3, 5, 6, 129.49, 134456, 1906
1114, 0, 122, 211, 170, 58, 0.02%, 3, 5, 6, 132.26, 135138, 1906
1119, 0, 122, 211, 170, 58, 0.02%, 3, 5, 6, 132.59, 135820, 1906
1124, 0, 122, 211, 170, 58, 0.02%, 3, 5, 6, 131.71, 136508, 1906
1129, 0, 122, 211, 170, 58, 0.02%, 3, 5, 6, 131.33, 137188, 1906
1135, 0, 122, 211, 170, 58, 0.02%, 3, 5, 6, 132.79, 137878, 1906
1140, 0, 122, 211, 170, 58, 0.02%, 3, 5, 6, 131.54, 138550, 1906
1145, 0, 122, 211, 170, 58, 0.02%, 3, 5, 6, 131.61, 139220, 1906
1150, 0, 122, 211, 170, 58, 0.02%, 3, 5, 6, 131.64, 139902, 1906
1155, 0, 206, 211, 169, 74, 0.02%, 3, 5, 6, 125.94, 140528, 1906
1160, 0, 206, 211, 169, 74, 0.02%, 3, 5, 6, 129.03, 141176, 1906
1165, 0, 206, 211, 169, 74, 0.02%, 3, 5, 6, 125.74, 141824, 1906
1171, 0, 206, 212, 170, 74, 0.02%, 3, 5, 7, 126.70, 142490, 1907
1176, 0, 206, 212, 170, 74, 0.02%, 3, 5, 7, 133.08, 143182, 1907
1181, 0, 206, 212, 170, 74, 0.02%, 3, 5, 7, 132.48, 143844, 1907
1186, 0, 60, 212, 169, 74, 0.02%, 3, 5, 7, 126.86, 144478, 1907
1191, 0, 60, 212, 169, 74, 0.02%, 3, 5, 7, 121.07, 145100, 1907
1196, 0, 60, 212, 169, 74, 0.02%, 3, 5, 7, 131.34, 145782, 1907
1201, 0, 174, 212, 168, 73, 0.02%, 3, 5, 7, 116.12, 146378, 1907
1206, 0, 174, 212, 168, 73, 0.02%, 3, 5, 7, 115.50, 146980, 1907
1212, 0, 174, 212, 168, 73, 0.02%, 3, 5, 7, 120.75, 147616, 1907
1217, 0, 174, 214, 170, 73, 0.02%, 3, 6, 7, 11.39, 148112, 1913
1222, 0, 174, 215, 171, 73, 0.02%, 3, 7, 7, 116.45, 148603, 1913
1228, 0, 174, 216, 172, 73, 0.02%, 3, 7, 7, 111.45, 149116, 1914
1233, 0, 174, 217, 173, 73, 0.02%, 3, 8, 7, 122.15, 149602, 1925
1238, 0, 174, 221, 177, 73, 0.02%, 3, 8, 7, 121.68, 150212, 1932
1243, 0, 174, 221, 177, 73, 0.02%, 3, 8, 7, 127.17, 150874, 1932
1248, 0, 174, 225, 181, 73, 0.02%, 3, 8, 7, 120.79, 151477, 1935
1253, 0, 174, 226, 182, 73, 0.02%, 3, 9, 7, 125.60, 151958, 1935
1258, 0, 174, 226, 182, 73, 0.02%, 3, 9, 7, 124.79, 152517, 1935
1263, 0, 174, 228, 184, 73, 0.02%, 3, 9, 7, 118.32, 152911, 1936
1268, 0, 174, 228, 184, 73, 0.02%, 4, 9, 7, 115.09, 153509, 1936
1273, 0, 174, 229, 185, 73, 0.02%, 5, 9, 7, 116.59, 154105, 1936
1279, 0, 174, 231, 187, 73, 0.02%, 5, 9, 7, 117.76, 154644, 1940
1284, 0, 174, 233, 189, 73, 0.02%, 5, 9, 7, 119.95, 155280, 1957
1289, 0, 174, 234, 190, 73, 0.02%, 5, 9, 7, 123.66, 155920, 1958
1294, 0, 174, 235, 191, 73, 0.02%, 5, 9, 7, 123.17, 156408, 1959
1299, 0, 174, 236, 192, 73, 0.02%, 5, 9, 7, 122.53, 157022, 1959
1304, 0, 174, 238, 194, 73, 0.02%, 5, 9, 7, 125.82, 157656, 1963
1309, 0, 174, 239, 195, 73, 0.02%, 5, 9, 7, 125.09, 158284, 1963
1314, 0, 174, 240, 196, 73, 0.02%, 5, 9, 7, 123.77, 158902, 1966
1319, 0, 174, 241, 197, 73, 0.02%, 5, 9, 7, 124.80, 159548, 2006
1325, 0, 174, 242, 198, 73, 0.02%, 5, 9, 7, 123.19, 160168, 2013
1330, 0, 174, 242, 198, 73, 0.02%, 5, 9, 7, 127.52, 160814, 2013
1335, 0, 174, 242, 198, 73, 0.02%, 5, 9, 7, 124.90, 161454, 2013
1340, 0, 174, 244, 200, 73, 0.02%, 5, 9, 7, 121.88, 162082, 2020
1345, 0, 174, 244, 200, 73, 0.02%, 5, 9, 7, 125.19, 162732, 2020
1350, 0, 174, 246, 202, 73, 0.02%, 5, 9, 7, 123.22, 163340, 2021
1355, 0, 174, 247, 203, 73, 0.02%, 5, 9, 7, 120.93, 163946, 2021
1360, 0, 174, 248, 204, 73, 0.02%, 5, 9, 7, 116.51, 164479, 2027
1365, 0, 174, 248, 204, 73, 0.02%, 5, 9, 7, 118.10, 165064, 2027
1370, 0, 174, 250, 206, 73, 0.02%, 5, 9, 7, 121.93, 165682, 2030
1375, 0, 174, 251, 207, 73, 0.02%, 5, 9, 7, 123.47, 166302, 2034
1380, 0, 174, 251, 207, 73, 0.02%, 5, 9, 7, 125.12, 166946, 2034
1386, 0, 174, 251, 207, 73, 0.02%, 5, 9, 7, 124.28, 167578, 2034
1391, 0, 174, 253, 209, 73, 0.02%, 5, 9, 7, 125.06, 168218, 2035
1396, 0, 174, 253, 209, 73, 0.02%, 5, 9, 7, 123.41, 168831, 2035
1401, 0, 174, 254, 210, 73, 0.02%, 5, 9, 7, 123.40, 169443, 2035
1406, 0, 174, 255, 211, 73, 0.02%, 5, 9, 7, 124.09, 170073, 2035
1411, 0, 174, 255, 211, 73, 0.02%, 5, 9, 7, 123.83, 170717, 2035
1416, 0, 174, 255, 211, 73, 0.02%, 5, 9, 7, 123.41, 171330, 2035
1421, 0, 174, 256, 212, 73, 0.02%, 5, 9, 7, 123.10, 171960, 2036
1426, 0, 174, 258, 214, 73, 0.02%, 6, 9, 7, 121.71, 172568, 2036
1431, 0, 174, 258, 214, 73, 0.02%, 6, 9, 7, 120.54, 173184, 2036
1437, 0, 174, 258, 214, 73, 0.02%, 6, 9, 7, 124.15, 173832, 2036
1442, 0, 174, 259, 215, 73, 0.02%, 6, 9, 7, 118.51, 174458, 2037
1447, 0, 174, 259, 215, 73, 0.02%, 6, 9, 7, 122.88, 175106, 2037
1452, 0, 174, 260, 216, 73, 0.02%, 6, 9, 7, 124.57, 175756, 2055
1457, 0, 174, 262, 218, 73, 0.02%, 6, 9, 7, 120.59, 176362, 2064
1462, 0, 174, 262, 218, 73, 0.02%, 6, 9, 7, 121.82, 177000, 2064
1467, 0, 174, 262, 218, 73, 0.02%, 6, 9, 7, 122.74, 177616, 2064
1473, 0, 174, 264, 220, 73, 0.02%, 6, 9, 7, 119.16, 178227, 2071
1478, 0, 174, 264, 220, 73, 0.02%, 6, 9, 7, 122.63, 178845, 2071
1483, 0, 174, 266, 222, 73, 0.02%, 6, 9, 7, 123.30, 179487, 2073
1488, 0, 174, 266, 222, 73, 0.02%, 6, 9, 7, 121.56, 180119, 2073
1493, 0, 174, 266, 222, 73, 0.02%, 6, 9, 7, 123.48, 180737, 2073
1498, 0, 174, 266, 222, 73, 0.02%, 6, 9, 7, 125.87, 181385, 2073
1503, 0, 174, 266, 222, 73, 0.02%, 6, 9, 7, 124.39, 182006, 2073
1508, 0, 128, 266, 221, 97, 0.02%, 6, 9, 7, 123.12, 182612, 2073
1513, 0, 128, 266, 221, 97, 0.02%, 6, 9, 7, 124.65, 183234, 2073
1518, 0, 128, 266, 221, 97, 0.02%, 6, 9, 7, 125.69, 183890, 2073
1524, 0, 128, 266, 221, 97, 0.02%, 6, 9, 7, 126.39, 184537, 2073
1529, 0, 225, 266, 220, 96, 0.02%, 6, 9, 7, 124.70, 185167, 2073
1534, 0, 225, 266, 220, 96, 0.02%, 6, 9, 7, 120.72, 185763, 2073
1539, 0, 225, 266, 220, 96, 0.02%, 6, 9, 7, 117.56, 186363, 2073
1544, 0, 225, 266, 220, 96, 0.02%, 6, 9, 7, 117.28, 186955, 2073
1549, 0, 225, 270, 224, 96, 0.02%, 6, 9, 7, 111.31, 187471, 2078
1554, 0, 225, 272, 226, 96, 0.02%, 6, 9, 7, 119.48, 188024, 2087
1559, 0, 225, 273, 227, 96, 0.02%, 6, 9, 7, 121.01, 188626, 2097
1564, 0, 225, 273, 227, 96, 0.02%, 6, 9, 7, 118.85, 189248, 2097
1569, 0, 225, 273, 227, 96, 0.02%, 6, 9, 7, 115.74, 189819, 2097
1574, 0, 225, 273, 227, 96, 0.02%, 6, 9, 7, 111.75, 190374, 2097
1580, 0, 225, 274, 228, 96, 0.03%, 6, 9, 7, 122.18, 191010, 2098
1585, 0, 225, 275, 229, 96, 0.03%, 6, 9, 7, 121.59, 191638, 2099
1590, 0, 225, 277, 231, 96, 0.03%, 6, 9, 7, 122.16, 192258, 2100
1595, 0, 225, 278, 232, 96, 0.03%, 6, 9, 7, 120.84, 192872, 2101
1600, 0, 225, 281, 235, 96, 0.03%, 6, 9, 7, 120.44, 193417, 2194
1605, 0, 225, 281, 235, 96, 0.03%, 6, 9, 7, 120.98, 194027, 2194
1610, 0, 225, 281, 235, 96, 0.03%, 6, 9, 7, 117.41, 194604, 2194
1615, 0, 225, 282, 236, 96, 0.03%, 6, 9, 7, 121.76, 195220, 2210
1620, 0, 225, 284, 238, 96, 0.03%, 6, 9, 7, 120.42, 195829, 2211
1625, 0, 225, 285, 239, 96, 0.03%, 7, 9, 7, 119.34, 196427, 2212
1630, 0, 225, 287, 241, 96, 0.03%, 7, 9, 7, 118.78, 197025, 2213
1636, 0, 225, 288, 242, 96, 0.03%, 7, 9, 7, 119.35, 197651, 2237
1641, 0, 225, 289, 243, 96, 0.03%, 7, 9, 7, 117.46, 198252, 2246
1646, 0, 225, 290, 244, 96, 0.03%, 7, 9, 7, 122.61, 198872, 2252
1651, 0, 225, 290, 244, 96, 0.03%, 7, 9, 7, 120.06, 199467, 2252
1656, 0, 225, 290, 244, 96, 0.03%, 7, 9, 7, 122.03, 200079, 2252
1661, 0, 225, 292, 246, 96, 0.03%, 7, 9, 7, 119.34, 200681, 2257
1666, 0, 225, 292, 246, 96, 0.03%, 7, 9, 7, 119.12, 201299, 2257
1671, 0, 225, 292, 246, 96, 0.03%, 7, 9, 7, 122.18, 201909, 2257
1677, 0, 225, 292, 246, 96, 0.03%, 8, 9, 7, 13.95, 202498, 2257
1683, 0, 225, 292, 246, 96, 0.03%, 8, 10, 7, 20.05, 203133, 2257
1688, 0, 225, 292, 246, 96, 0.03%, 8, 10, 7, 121.59, 203754, 2257
1693, 0, 225, 292, 246, 96, 0.03%, 8, 10, 7, 121.48, 204364, 2257
1698, 0, 225, 293, 247, 96, 0.03%, 8, 10, 7, 120.04, 204990, 2263
1703, 0, 225, 293, 247, 96, 0.03%, 8, 10, 7, 120.47, 205618, 2263
1709, 0, 225, 293, 247, 96, 0.03%, 8, 10, 7, 119.52, 206219, 2263
1714, 0, 225, 293, 247, 96, 0.03%, 9, 10, 7, 119.86, 206851, 2263
1719, 0, 225, 293, 247, 96, 0.03%, 9, 10, 7, 119.63, 207449, 2263
1724, 0, 225, 294, 248, 96, 0.03%, 9, 10, 7, 116.89, 208053, 2263
1729, 0, 225, 294, 248, 96, 0.03%, 9, 10, 7, 119.31, 208661, 2263
1734, 0, 225, 294, 248, 96, 0.03%, 9, 10, 7, 123.12, 209277, 2263
1739, 0, 225, 296, 250, 96, 0.03%, 9, 10, 7, 122.31, 209886, 2265
1744, 0, 225, 297, 251, 96, 0.03%, 9, 10, 7, 115.02, 210481, 2266
1749, 0, 225, 297, 251, 96, 0.03%, 9, 10, 7, 114.84, 211063, 2266
1755, 0, 225, 297, 251, 96, 0.03%, 9, 10, 7, 118.65, 211679, 2266
1760, 0, 225, 298, 252, 96, 0.03%, 9, 10, 7, 121.99, 212315, 2266
1765, 0, 225, 298, 252, 96, 0.03%, 9, 10, 7, 122.89, 212953, 2266
1770, 0, 225, 298, 252, 96, 0.03%, 9, 10, 7, 120.49, 213567, 2266
1775, 0, 225, 298, 252, 96, 0.03%, 9, 10, 7, 125.68, 214221, 2266
1780, 0, 225, 299, 253, 96, 0.03%, 10, 10, 7, 123.23, 214830, 2273
1786, 0, 225, 299, 253, 96, 0.03%, 10, 10, 7, 122.58, 215464, 2273
1791, 0, 225, 299, 253, 96, 0.03%, 10, 10, 7, 124.71, 216108, 2273
1796, 0, 225, 301, 255, 96, 0.03%, 10, 10, 7, 123.40, 216730, 2277
1801, 0, 225, 301, 255, 96, 0.03%, 10, 10, 7, 124.30, 217356, 2277
1806, 0, 225, 301, 255, 96, 0.03%, 10, 10, 7, 121.03, 217974, 2277
1811, 0, 225, 301, 255, 96, 0.03%, 10, 10, 7, 124.26, 218598, 2277
1816, 0, 225, 302, 256, 96, 0.03%, 10, 10, 7, 123.82, 219224, 2282
1821, 0, 225, 303, 257, 96, 0.03%, 10, 10, 7, 123.96, 219842, 2282
1826, 0, 225, 303, 257, 96, 0.03%, 10, 10, 7, 130.43, 220514, 2282
1832, 0, 216, 303, 256, 117, 0.03%, 10, 10, 7, 127.32, 221162, 2282
1837, 0, 216, 303, 256, 117, 0.03%, 10, 10, 7, 123.18, 221770, 2282
1842, 0, 216, 303, 256, 117, 0.03%, 10, 10, 7, 116.38, 222362, 2282
1847, 0, 216, 303, 256, 117, 0.03%, 10, 10, 7, 118.77, 222960, 2282
1852, 0, 216, 304, 257, 117, 0.03%, 10, 10, 7, 112.46, 223493, 2282
1857, 0, 216, 305, 258, 117, 0.03%, 10, 10, 7, 120.94, 224113, 2286
1862, 0, 216, 307, 260, 117, 0.03%, 10, 10, 7, 122.03, 224735, 2291
1867, 0, 216, 308, 261, 117, 0.03%, 10, 11, 7, 109.31, 225194, 2291
1872, 0, 216, 308, 261, 117, 0.03%, 10, 11, 7, 119.41, 225804, 2291
1877, 0, 216, 309, 262, 117, 0.03%, 10, 11, 7, 121.13, 226434, 2294
1882, 0, 216, 310, 263, 117, 0.03%, 11, 11, 7, 123.63, 227052, 2299
1888, 0, 216, 310, 263, 117, 0.03%, 11, 11, 7, 122.89, 227690, 2299
1893, 0, 216, 311, 264, 117, 0.03%, 11, 11, 7, 124.18, 228314, 2302
1898, 0, 216, 311, 264, 117, 0.03%, 11, 11, 7, 124.31, 228938, 2302
1903, 0, 216, 312, 265, 117, 0.03%, 11, 11, 7, 123.91, 229566, 2302
1908, 0, 216, 312, 265, 117, 0.03%, 11, 11, 7, 122.97, 230210, 2302
1913, 0, 216, 312, 265, 117, 0.03%, 11, 11, 7, 123.56, 230850, 2302
1918, 0, 216, 313, 266, 117, 0.03%, 11, 11, 7, 121.14, 231452, 2302
1923, 0, 216, 313, 266, 117, 0.03%, 11, 11, 7, 121.12, 232057, 2302
1928, 0, 216, 314, 267, 117, 0.03%, 11, 11, 7, 124.95, 232701, 2304
1933, 0, 216, 314, 267, 117, 0.03%, 11, 11, 7, 122.92, 233311, 2304
1939, 0, 216, 315, 268, 117, 0.03%, 11, 11, 7, 115.54, 233848, 2306
1944, 0, 216, 315, 268, 117, 0.03%, 11, 11, 7, 121.82, 234470, 2306
1949, 0, 216, 316, 269, 117, 0.03%, 11, 11, 7, 121.89, 235084, 2317
1954, 0, 216, 316, 269, 117, 0.03%, 11, 11, 7, 119.46, 235694, 2317
1959, 0, 216, 316, 269, 117, 0.03%, 11, 11, 7, 120.07, 236296, 2317
1964, 0, 216, 317, 270, 117, 0.03%, 11, 11, 7, 118.87, 236896, 2319
1969, 0, 216, 317, 270, 117, 0.03%, 11, 11, 7, 123.09, 237538, 2319
1974, 0, 216, 317, 270, 117, 0.03%, 11, 11, 7, 120.13, 238144, 2319
1979, 0, 216, 317, 270, 117, 0.03%, 11, 11, 7, 120.94, 238770, 2319
1985, 0, 216, 317, 270, 117, 0.03%, 11, 11, 7, 119.78, 239390, 2319
1990, 0, 216, 319, 272, 117, 0.03%, 11, 11, 7, 120.35, 240000, 2319
1995, 0, 216, 319, 272, 117, 0.03%, 11, 11, 7, 119.78, 240626, 2319
2000, 0, 216, 321, 274, 117, 0.03%, 11, 11, 7, 117.48, 241216, 2321
2005, 0, 216, 321, 274, 117, 0.03%, 11, 11, 7, 120.12, 241840, 2321
2010, 0, 216, 321, 274, 117, 0.03%, 11, 11, 7, 116.98, 242432, 2321
2015, 0, 216, 321, 274, 117, 0.03%, 11, 11, 7, 105.85, 242956, 2321
2020, 0, 216, 321, 274, 117, 0.03%, 11, 11, 7, 106.97, 243490, 2321
2025, 0, 216, 321, 274, 117, 0.03%, 11, 11, 7, 112.61, 244056, 2321
2030, 0, 216, 322, 275, 117, 0.03%, 11, 11, 7, 115.03, 244646, 2321
2036, 0, 216, 322, 275, 117, 0.03%, 11, 11, 7, 120.66, 245278, 2321
2041, 0, 216, 322, 275, 117, 0.03%, 11, 11, 7, 116.19, 245864, 2321
2046, 0, 216, 322, 275, 117, 0.03%, 11, 11, 7, 115.18, 246459, 2321
2051, 0, 216, 323, 276, 117, 0.03%, 11, 11, 7, 118.12, 247057, 2330
2056, 0, 216, 324, 277, 117, 0.03%, 11, 11, 7, 113.34, 247629, 2331
2061, 0, 216, 326, 279, 117, 0.03%, 11, 11, 7, 115.02, 248197, 2345
2066, 0, 216, 326, 279, 117, 0.03%, 11, 11, 7, 116.65, 248791, 2345
2071, 0, 216, 326, 279, 117, 0.03%, 11, 11, 7, 120.24, 249419, 2345
2076, 0, 216, 326, 279, 117, 0.03%, 11, 11, 7, 124.29, 250063, 2345
2081, 0, 216, 327, 280, 117, 0.03%, 11, 11, 7, 121.51, 250673, 2346
2086, 0, 216, 327, 280, 117, 0.03%, 11, 11, 7, 120.77, 251279, 2346
2092, 0, 216, 327, 280, 117, 0.03%, 11, 11, 7, 124.28, 251923, 2346
2097, 0, 216, 327, 280, 117, 0.03%, 11, 11, 7, 122.61, 252561, 2346
2102, 0, 216, 327, 280, 117, 0.03%, 11, 11, 7, 124.86, 253205, 2346
2107, 0, 216, 327, 280, 117, 0.03%, 11, 11, 7, 123.35, 253841, 2346
2112, 0, 216, 329, 282, 117, 0.03%, 11, 11, 7, 119.05, 254431, 2353
2117, 0, 216, 329, 282, 117, 0.03%, 11, 11, 7, 123.86, 255077, 2353
2123, 0, 216, 329, 282, 117, 0.03%, 11, 11, 7, 121.38, 255699, 2353
2128, 0, 216, 329, 282, 117, 0.03%, 11, 11, 7, 124.07, 256337, 2353
2133, 0, 216, 329, 282, 117, 0.03%, 11, 11, 7, 101.23, 256777, 2353
2138, 0, 35, 329, 281, 131, 0.03%, 11, 11, 7, 92.30, 257180, 2353
2143, 0, 35, 329, 281, 131, 0.03%, 11, 11, 7, 116.49, 257811, 2353
2148, 0, 35, 329, 281, 131, 0.03%, 11, 11, 7, 120.18, 258442, 2353
2153, 0, 314, 329, 280, 130, 0.03%, 11, 11, 7, 115.91, 259022, 2353
2158, 0, 314, 329, 280, 130, 0.03%, 11, 11, 7, 117.85, 259596, 2353
2164, 0, 314, 329, 280, 130, 0.03%, 11, 11, 7, 114.68, 260164, 2353
2169, 0, 314, 330, 281, 130, 0.03%, 11, 11, 8, 101.94, 260692, 2355
2174, 0, 314, 332, 283, 130, 0.03%, 11, 12, 8, 123.46, 261138, 2355
2179, 0, 314, 333, 284, 130, 0.03%, 11, 12, 8, 120.73, 261746, 2355
2184, 0, 314, 333, 284, 130, 0.03%, 11, 12, 8, 121.58, 262356, 2355
2189, 0, 314, 333, 284, 130, 0.03%, 11, 12, 8, 123.77, 262990, 2355
2195, 0, 314, 333, 284, 130, 0.03%, 12, 12, 8, 115.84, 263617, 2355
2200, 0, 314, 334, 285, 130, 0.03%, 12, 12, 8, 119.55, 264243, 2355
2205, 0, 314, 334, 285, 130, 0.03%, 12, 12, 8, 122.79, 264857, 2355
2210, 0, 314, 334, 285, 130, 0.03%, 13, 12, 8, 114.56, 265432, 2355
2215, 0, 314, 335, 286, 130, 0.03%, 13, 13, 8, 118.67, 265925, 2356
2220, 0, 314, 335, 286, 130, 0.03%, 13, 13, 8, 119.54, 266551, 2356
2226, 0, 314, 335, 286, 130, 0.03%, 13, 13, 8, 119.97, 267177, 2356
2231, 0, 314, 335, 286, 130, 0.03%, 13, 13, 8, 121.63, 267787, 2356
2236, 0, 314, 336, 287, 130, 0.03%, 13, 13, 8, 119.44, 268414, 2357
2241, 0, 314, 336, 287, 130, 0.03%, 13, 13, 8, 120.38, 269037, 2357
2246, 0, 314, 337, 288, 130, 0.03%, 13, 13, 8, 121.35, 269647, 2386
2251, 0, 314, 338, 289, 130, 0.03%, 13, 13, 8, 120.14, 270249, 2386
2256, 0, 314, 338, 289, 130, 0.03%, 13, 13, 8, 121.97, 270889, 2386
2261, 0, 314, 339, 290, 130, 0.03%, 13, 13, 8, 121.06, 271495, 2386
2266, 0, 314, 339, 290, 130, 0.03%, 13, 13, 8, 119.44, 272089, 2386
2272, 0, 314, 339, 290, 130, 0.03%, 13, 13, 8, 119.02, 272701, 2386
2277, 0, 314, 339, 290, 130, 0.03%, 13, 13, 8, 118.88, 273316, 2386
2282, 0, 314, 340, 291, 130, 0.03%, 13, 13, 8, 114.95, 273863, 2387
2287, 0, 314, 343, 294, 130, 0.03%, 13, 13, 8, 106.52, 274405, 2396
2292, 0, 314, 343, 294, 130, 0.03%, 13, 13, 8, 112.47, 274979, 2396
2297, 0, 314, 344, 295, 130, 0.03%, 13, 13, 8, 111.54, 275537, 2400
2302, 0, 314, 344, 295, 130, 0.03%, 13, 13, 8, 114.79, 276141, 2400
2307, 0, 314, 344, 295, 130, 0.03%, 13, 13, 8, 117.23, 276728, 2400
2313, 0, 314, 345, 296, 130, 0.03%, 13, 13, 8, 119.26, 277350, 2401
2318, 0, 314, 345, 296, 130, 0.03%, 13, 13, 8, 116.73, 277950, 2401
2323, 0, 314, 346, 297, 130, 0.03%, 13, 13, 8, 116.70, 278536, 2401
2328, 0, 314, 346, 297, 130, 0.03%, 13, 13, 8, 118.77, 279148, 2401
2333, 0, 314, 347, 298, 130, 0.03%, 13, 13, 8, 116.30, 279730, 2416
2338, 0, 314, 347, 298, 130, 0.03%, 13, 13, 8, 117.58, 280346, 2416
2343, 0, 314, 347, 298, 130, 0.03%, 13, 13, 8, 115.91, 280928, 2416
2348, 0, 314, 347, 298, 130, 0.03%, 13, 13, 8, 117.32, 281510, 2416
2353, 0, 314, 347, 298, 130, 0.03%, 13, 13, 8, 118.33, 282126, 2416
2359, 0, 314, 349, 300, 130, 0.03%, 13, 13, 8, 117.94, 282738, 2424
2364, 0, 314, 351, 302, 130, 0.03%, 13, 13, 8, 117.69, 283338, 2426
2369, 0, 314, 352, 303, 130, 0.03%, 13, 13, 8, 116.10, 283924, 2428
2374, 0, 314, 352, 303, 130, 0.03%, 13, 13, 8, 120.33, 284530, 2428
2379, 0, 314, 352, 303, 130, 0.03%, 13, 13, 8, 119.90, 285152, 2428
2384, 0, 314, 352, 303, 130, 0.03%, 13, 13, 8, 119.59, 285750, 2428
2389, 0, 314, 352, 303, 130, 0.03%, 13, 13, 8, 120.37, 286354, 2428
2394, 0, 314, 352, 303, 130, 0.03%, 13, 13, 8, 112.90, 286910, 2428
2399, 0, 314, 353, 304, 130, 0.03%, 13, 13, 8, 114.21, 287482, 2438
2404, 0, 314, 353, 304, 130, 0.03%, 13, 13, 8, 115.43, 288082, 2438
2409, 0, 314, 353, 304, 130, 0.03%, 13, 13, 8, 116.45, 288682, 2438
2415, 0, 314, 353, 304, 130, 0.03%, 13, 13, 8, 116.65, 289270, 2438
2420, 0, 314, 353, 304, 130, 0.03%, 13, 13, 8, 117.24, 289882, 2438
2423, 0, 314, 353, 304, 130, 0.03%, 13, 13, 8, 0.00, 290236, 2438
